{"fov": 12.6, "labels": null, "poses": [["flickr_cat_000002.png", [[0.06278244398524553, 0.18347592456850412, -0.9810173035329052, -9.798354262419934], [-0.9957042506281643, 0.0785417732753489, -0.04903300043613927, -0.4832486190749522], [0.06805446354388704, 0.9798815106708036, 0.18761880246195337, 2.064792595363216], [0.0, 0.0, 0.0, 1.0]]], ["flickr_cat_000003.png", [[0.16553917218486983, -0.03162166858115307, -0.9856961258666344, -9.15967535937055], [-0.9850070922856634, 0.0439098636915569, -0.16683210727414594, -1.4406491659083027], [0.04855729213301805, 0.998534923749156, -0.023878765336091696, 0.16410311929464744], [0.0, 0.0, 0.0, 1.0]]], ["flickr_cat_000004.png", [[-0.06282817589724102, -0.0335460338115007, -0.9974604172241337, -7.947297242835103], [-0.9946167394056712, 0.08462350276827829, 0.059803047357621306, 0.3951361067396917], [0.08240243932952497, 0.9958481442442642, -0.03868218708655329, 0.1118434352208992], [0.0, 0.0, 0.0, 1.0]]], ["flickr_cat_000005.png", [[-0.1066508184383414, 0.055999010263650256, -0.9927183456428732, -8.425577498948918], [-0.9915526843102843, -0.08011212089477547, 0.10200648176862241, 0.7887979903931743], [-0.07381651010108344, 0.9952116151528942, 0.06406999220590068, 0.9024452660705992], [0.0, 0.0, 0.0, 1.0]]], ["flickr_cat_000006.png", [[0.14461744421194322, -0.01986036461334185, -0.9892883102245932, -8.868508219481361], [-0.9893957531634182, -0.01652766552981328, -0.14430135097887248, -1.2652886361604532], [-0.013484748859308013, 0.9996661453653214, -0.02203994915242888, 0.18468690118014522], [0.0, 0.0, 0.0, 1.0]]], ["flickr_cat_000007.png", [[-0.034046729792305365, 0.15082053621422656, -0.9879746889705743, -9.061151848809889], [-0.9991321548300219, 0.0185974662112589, 0.03727024866079977, 0.2918521244804592], [0.023994944783568655, 0.9883862099941371, 0.1500564644334233, 1.6273890406052385], [0.0, 0.0, 0.0, 1.0]]], ["flickr_cat_000009.png", [[-0.06965969470457548, -0.14620600193281907, -0.9867985265151574, -8.113142692024443], [-0.9932905876737117, 0.10170227699131296, 0.05504957123897843, 0.39235277508064736], [0.09231107935929708, 0.9840124246439182, -0.15230959514724865, -0.7657545041432907], [0.0, 0.0, 0.0, 1.0]]], ["flickr_cat_000010.png", [[-0.0037040636493893622, 0.18450283847610832, -0.982825000957312, -9.312472031662999], [-0.9988450168739421, 0.046400484869913945, 0.012475065928930159, 0.09765132557126452], [0.04790524166075711, 0.9817360631035695, 0.1841178704616379, 1.9774471454330862], [0.0, 0.0, 0.0, 1.0]]], ["flickr_cat_000012.png", [[-0.05799022454574156, 0.007638956362782294, -0.9982879245001525, -8.676728847421995], [-0.9982186288118461, -0.014492001226011868, 0.05787530555825884, 0.48420658643558967], [-0.014025082892126822, 0.9998658051189434, 0.008465742951223664, 0.47431088715255765], [0.0, 0.0, 0.0, 1.0]]], ["flickr_cat_000014.png", [[-0.022339991670597196, 0.03964393698876767, -0.9989641049768447, -9.83033478121219], [-0.9991904890408254, -0.03432321382640649, 0.02098293599529464, 0.20803122865665694], [-0.0334558123875882, 0.9986241912014037, 0.04037862509830049, 0.5397672135127042], [0.0, 0.0, 0.0, 1.0]]], ["flickr_cat_000015.png", [[-0.038323468017264446, 0.13869978097900548, -0.9895926851768387, -9.228689311678368], [-0.9991646026350827, 0.008745981144456513, 0.039919978142513815, 0.3419531836641063], [0.014191851190302071, 0.9902958540608947, 0.1382487352187918, 1.6060605892376936], [0.0, 0.0, 0.0, 1.0]]], ["flickr_cat_000017.png", [[-0.02809406750053497, -0.18935031129745777, -0.9815076071955994, -8.157868995631365], [-0.9995789891531708, 0.012443492069264503, 0.026210760169193683, 0.21072962425189906], [0.007250366528681391, 0.9818307487121585, -0.18962018106868736, -1.0506277871769205], [0.0, 0.0, 0.0, 1.0]]], ["flickr_cat_000018.png", [[0.01613976614671309, -0.2083343359903039, -0.9779244921752438, -8.416203737810925], [-0.9984413614731078, -0.055618474998080945, -0.004629572184855326, -0.0732895868277643], [-0.05342617007100879, 0.9764749815977708, -0.20890728724766075, -1.260823416298412], [0.0, 0.0, 0.0, 1.0]]], ["flickr_cat_000019.png", [[0.06320501916793067, -0.017972602928334615, -0.9978387199823234, -8.485647777774735], [-0.9969322426069765, 0.04511320976825012, -0.06396015912292928, -0.5058376724675421], [0.04616523803259427, 0.9988201959554014, -0.015066086054700212, 0.26752809899098284], [0.0, 0.0, 0.0, 1.0]]], ["flickr_cat_000020.png", [[-0.10216863082486038, 0.12173614810678302, -0.9872901706790648, -8.418780872054567], [-0.9945483828944055, -0.03331110589686621, 0.09881236919561227, 0.7706385897662942], [-0.020858690215246247, 0.992003367165682, 0.12447583932013971, 1.407977894566357], [0.0, 0.0, 0.0, 1.0]]], ["flickr_cat_000021.png", [[-0.14633193179513734, 0.047505846502672165, -0.9880942061793337, -8.780379880646526], [-0.9890426458405365, -0.02675053518995417, 0.14518627199498474, 1.170710286620306], [-0.01953485208170114, 0.9985126956704734, 0.05089976560879708, 0.791303439399063], [0.0, 0.0, 0.0, 1.0]]], ["flickr_cat_000022.png", [[0.01487088748771226, 0.054990795864094555, -0.9983761160382201, -9.415968882996342], [-0.9990131754125212, 0.042609725046678405, -0.01253342266248249, -0.07937040398020855], [0.04185130891044826, 0.9975772770576121, 0.05557017402170238, 0.8750958213785084], [0.0, 0.0, 0.0, 1.0]]], ["flickr_cat_000023.png", [[-0.03148007258185096, 0.02524939518062939, -0.9991854047539194, -9.200700843845187], [-0.9985916949256121, 0.04191702249115461, 0.03252060963557511, 0.31167396410686954], [0.04270400280810709, 0.9988019980298839, 0.023894285418834656, 0.5126000127771617], [0.0, 0.0, 0.0, 1.0]]], ["flickr_cat_000024.png", [[0.0250316424471958, 0.05138858060711574, -0.9983649786824363, -8.802928544147722], [-0.9995648379166268, -0.01430380762781127, -0.025797982247713833, -0.23550992821559139], [-0.015606142287655052, 0.9985762939658305, 0.051008170447144334, 0.7763571149379672], [0.0, 0.0, 0.0, 1.0]]], ["flickr_cat_000025.png", [[0.12142649750265759, 0.21871555980911686, -0.9682040640286642, -9.31473821857683], [-0.9925302787780943, 0.038350211338761965, -0.1158141053540189, -1.0423710746332127], [0.011800483588251228, 0.9750347507589957, 0.22173854739180215, 2.312060560326516], [0.0, 0.0, 0.0, 1.0]]], ["flickr_cat_000026.png", [[0.05170412614633037, 0.035672424044149824, -0.998025130696747, -9.328398479015823], [-0.9703848167083442, 0.2379259179337409, -0.04176799106135148, -0.35375491719335733], [0.23596607985335244, 0.9706280110001985, 0.04691773034195221, 0.790736115649152], [0.0, 0.0, 0.0, 1.0]]], ["flickr_cat_000028.png", [[-0.012991962779766789, 0.08003813382054482, -0.9967071315274381, -7.633293426502346], [-0.9981303252829853, 0.05850019123707553, 0.017708229039301998, 0.17341869759256862], [0.05972489140728462, 0.9950736780559268, 0.07912845623818215, 0.9470531617829385], [0.0, 0.0, 0.0, 1.0]]], ["flickr_cat_000029.png", [[-0.14332952867459914, 0.12917749122026445, -0.9812083478914945, -9.464093103858335], [-0.9885774516212065, 0.027992844358106093, 0.14809126514032891, 1.4352346308014652], [0.04659687066786373, 0.9912262993014165, 0.12368975388924114, 1.5331728076876363], [0.0, 0.0, 0.0, 1.0]]], ["flickr_cat_000030.png", [[0.00990202030223116, -0.039702392645392326, -0.9991624842898003, -8.892382432884316], [-0.9873440593337979, 0.15777822194758875, -0.016054319584334065, -0.14721015150665953], [0.1582834751077721, 0.9866761133711957, -0.03763759836279099, 0.08512180120173489], [0.0, 0.0, 0.0, 1.0]]], ["flickr_cat_000031.png", [[0.015970885445595887, 0.10730675363246613, -0.9940976770131519, -9.381585091920746], [-0.9991011501987449, -0.0373315653440445, -0.020080983554306042, -0.19433292686412626], [-0.039266047542738845, 0.9935248436017211, 0.10661408282467576, 1.363010789941281], [0.0, 0.0, 0.0, 1.0]]], ["flickr_cat_000032.png", [[-0.00446862803266367, -0.05135314072585592, -0.9986705594444527, -8.746314968148976], [-0.9997077037824457, 0.02395831792025949, 0.0032412961083771973, 0.02621858348040621], [0.023760016025585935, 0.998393135963996, -0.05144519120813614, -0.2360883078469292], [0.0, 0.0, 0.0, 1.0]]], ["flickr_cat_000033.png", [[-0.022952714122395697, 0.15219291999960458, -0.9880842514767703, -10.266639896930661], [-0.9857818504639945, 0.16111301559549973, 0.047715191517021825, 0.47350245905099264], [0.1664551477431605, 0.9751307149852876, 0.14633103731636837, 1.7871440238846807], [0.0, 0.0, 0.0, 1.0]]], ["flickr_cat_000034.png", [[0.051429809169005435, 0.007767090060582705, -0.9986464074139706, -8.76407530001125], [-0.9875840197110041, -0.14823108066847915, -0.052012986217947706, -0.41310262788629015], [-0.1484344257249418, 0.9889222512593424, 4.715783179232767e-05, 0.3193707900333333], [0.0, 0.0, 0.0, 1.0]]], ["flickr_cat_000035.png", [[-0.09168314653971031, 0.14686210291390941, -0.9848988391547034, -8.161422985108263], [-0.9954233719916334, -0.04028865046485952, 0.08665526606344484, 0.620628610097882], [-0.026953870471307914, 0.9883361509989527, 0.1498837599448029, 1.4911063824382755], [0.0, 0.0, 0.0, 1.0]]], ["flickr_cat_000036.png", [[0.0241850387035759, 0.13729894375404733, -0.9902343580925324, -8.787183522768398], [-0.9996358655129729, 0.015178847174095083, -0.022310064513477605, -0.2092414646668431], [0.011967467695239563, 0.9904133493862491, 0.13761604947997522, 1.522468349071607], [0.0, 0.0, 0.0, 1.0]]], ["flickr_cat_000037.png", [[0.026950569417859522, -0.07806466075358694, -0.9965839530864826, -7.800991819621563], [-0.9754311655261164, -0.22011489445501775, -0.009136441288476706, -0.0464761750947569], [-0.2186497384595155, 0.97234527919895, -0.08207892476818698, -0.18053837172521156], [0.0, 0.0, 0.0, 1.0]]], ["flickr_cat_000038.png", [[0.04428574171561382, -0.04210572058290681, -0.9981311944703921, -8.1735518031365], [-0.99848898382973, 0.030672427549528255, -0.04559551906592476, -0.361488136887016], [0.032534938932939635, 0.9986422334762399, -0.0406837469539959, 0.11712439441381893], [0.0, 0.0, 0.0, 1.0]]], ["flickr_cat_000039.png", [[-0.008715583299762738, -0.0813727989834542, -0.9966456271881914, -8.442466868140922], [-0.9974381323792524, -0.07006124567255427, 0.014442781262548304, 0.12933645971419705], [-0.07100148367134813, 0.9942182302897128, -0.08055370802178465, -0.2389325867501162], [0.0, 0.0, 0.0, 1.0]]], ["flickr_cat_000040.png", [[0.004478633782652069, 0.12094022974973236, -0.9926496877889615, -8.554778281212162], [-0.99831549028758, 0.057962401951501014, 0.0025576965968419473, 0.04266295923699796], [0.05784568861470796, 0.9909661047624659, 0.12099609712960029, 1.3436430190735187], [0.0, 0.0, 0.0, 1.0]]], ["flickr_cat_000041.png", [[-0.04152752153254125, -0.0517359048847834, -0.9977970039547709, -8.602118454002097], [-0.9990673733786132, -0.009669915638213733, 0.04208177969037638, 0.30733535181102783], [-0.01182575180374877, 0.998613983918362, -0.05128608697272252, 0.01663986344053767], [0.0, 0.0, 0.0, 1.0]]], ["flickr_cat_000042.png", [[0.11512044900811806, 0.22762912196180896, -0.9669189547501202, -8.30093918109327], [-0.9861597431747406, -0.09072895913204049, -0.1387703747791537, -1.078776603864883], [-0.11931572889480888, 0.9695118559407679, 0.21403391793962945, 2.0765075419780468], [0.0, 0.0, 0.0, 1.0]]], ["flickr_cat_000043.png", [[-0.060081976500004616, -0.01231923303540786, -0.9981174242529144, -9.491304460991831], [-0.9964002331021832, 0.06064962833811561, 0.05923004352828158, 0.5514185321547145], [0.05980578210981426, 0.9980830922723157, -0.015918836212665193, -0.004963218445940398], [0.0, 0.0, 0.0, 1.0]]], ["flickr_cat_000044.png", [[0.011897531991001176, 0.24991287383004906, -0.9681952304295498, -9.217938053276503], [-0.9948967309918271, 0.09998018884562589, 0.013581476361879726, 0.1100908585901823], [0.10019452776623289, 0.9630926836667378, 0.2498270187015461, 2.5504170333191785], [0.0, 0.0, 0.0, 1.0]]], ["flickr_cat_000045.png", [[0.032922306262192044, 0.12903201704735187, -0.9910937696944071, -9.20476914252644], [-0.998580131014284, -0.037304367234510555, -0.038027702122632824, -0.43317469486410837], [-0.04187891705707476, 0.9909385060446105, 0.12762066268517017, 1.264303687223882], [0.0, 0.0, 0.0, 1.0]]], ["flickr_cat_000046.png", [[0.0009270623359426246, 0.07754152409578483, -0.9969886923111656, -9.038189815429137], [-0.9893794708188807, -0.1448439862925688, -0.012185333685604254, -0.11437969829695459], [-0.145352685828562, 0.9864114413751399, 0.07658371267209745, 1.0411124856806793], [0.0, 0.0, 0.0, 1.0]]], ["flickr_cat_000047.png", [[-0.02189390353889875, 0.06311639876869996, -0.9977659932039675, -8.830241532007271], [-0.9989230608590379, 0.03945406182081256, 0.024415066861450695, 0.170299806232696], [0.040906912274565575, 0.9972260010711264, 0.062184622824706784, 0.8775469675669928], [0.0, 0.0, 0.0, 1.0]]], ["flickr_cat_000048.png", [[0.165719659097372, 0.0211484443740465, -0.985946113075765, -8.920990839713086], [-0.9834500541113332, 0.07778616045484016, -0.16363161158562717, -1.4855903188008104], [0.07323240851608318, 0.9967457331447434, 0.033689134757096145, 0.4154074593423617], [0.0, 0.0, 0.0, 1.0]]], ["flickr_cat_000049.png", [[-0.17500630584693266, 0.015326380349998376, -0.9844480153767272, -8.122066417816843], [-0.9845668201406267, -0.0017242625607737203, 0.17500058170416968, 1.3048662220828748], [0.0009846786207269886, 0.9998810574183256, 0.015391602386534855, 0.5072562062178343], [0.0, 0.0, 0.0, 1.0]]], ["flickr_cat_000050.png", [[-0.010403418468886885, -0.012929175022638848, -0.9998622931771132, -8.182639869161083], [-0.9995119720706288, -0.029319497730436548, 0.010778902556271041, 0.04444161540261889], [-0.029454822553257442, 0.9994864698864457, -0.01261784221993676, 0.11072624300315496], [0.0, 0.0, 0.0, 1.0]]], ["flickr_cat_000051.png", [[0.03150836920258206, -0.015199465004645077, -0.9993879121411098, -8.761990423367852], [-0.9957215802134877, 0.08642208563943242, -0.03270715228946523, -0.2744931111080821], [0.08686631894669787, 0.9961426601533052, -0.012411416331240398, 0.2507621479739836], [0.0, 0.0, 0.0, 1.0]]], ["flickr_cat_000052.png", [[0.13120563695466672, -0.0765452762878194, -0.98839561993634, -9.758185780378131], [-0.9487330415107762, 0.2795063369482055, -0.14758666454496408, -1.3890785851072769], [0.287559901198049, 0.95708778504577, -0.0359482258136706, -0.05667188697354686], [0.0, 0.0, 0.0, 1.0]]], ["flickr_cat_000053.png", [[0.04432757743679601, -0.18327446292403043, -0.9820618804935324, -8.829357377663273], [-0.99901554430498, -0.006425460455559972, -0.043893686276720766, -0.4144413122516396], [0.001734392000097826, 0.9830407848598358, -0.18337886243116402, -1.3202718648115177], [0.0, 0.0, 0.0, 1.0]]], ["flickr_cat_000055.png", [[-0.07816234551313948, -0.19892691698564782, -0.9768923837570185, -8.966268875145499], [-0.9911742841728721, 0.12074583131887529, 0.054717297205810825, 0.4641456452646909], [0.10707093974687958, 0.9725474414740387, -0.20660902193278294, -1.3368857874718614], [0.0, 0.0, 0.0, 1.0]]], ["flickr_cat_000057.png", [[0.115624065930372, 0.059392073592354176, -0.9915158379835036, -9.500187620072534], [-0.9924900303150118, 0.047038269133423176, -0.11292006448031482, -1.0246482973610251], [0.03993263205745141, 0.9971258610783957, 0.06438479685168051, 0.9376677456472702], [0.0, 0.0, 0.0, 1.0]]], ["flickr_cat_000058.png", [[0.038241252434867055, -0.013528723180025537, -0.9991769514261881, -8.993752799213956], [-0.9970813552516432, 0.06560427962654751, -0.039049321431082175, -0.3246834857503971], [0.06607857157777386, 0.9977540038224854, -0.010980447825157778, 0.25558741275704544], [0.0, 0.0, 0.0, 1.0]]], ["flickr_cat_000059.png", [[0.00816981354960131, -0.09517472338941425, -0.9954270571841581, -8.499788744877565], [-0.9985305948505863, -0.05410654621828095, -0.003022052888666656, -0.0388952512359201], [-0.053571497028715005, 0.9939890611491042, -0.09547691355518813, -0.39346239742617994], [0.0, 0.0, 0.0, 1.0]]], ["flickr_cat_000060.png", [[-0.04019991320878012, -0.014636770151680186, -0.9990844468499815, -9.389391282044903], [-0.9987730080764986, -0.028353029804039857, 0.04060275900419871, 0.3258570624189353], [-0.028921364349358717, 0.9994908056908067, -0.013479021615589577, 0.2218554423066013], [0.0, 0.0, 0.0, 1.0]]], ["flickr_cat_000061.png", [[-0.11237762524728641, 0.07465818376322093, -0.9908569144639187, -9.290473399855152], [-0.9935453800982407, 0.007066862971764012, 0.11321500401086741, 0.9498211377085268], [0.015454676613338547, 0.9971841429971273, 0.0733821362857588, 1.030536335227893], [0.0, 0.0, 0.0, 1.0]]], ["flickr_cat_000062.png", [[-0.02706470252832094, 0.04945329131663191, -0.9984096723564961, -9.905602874227649], [-0.9992755881409386, 0.02539303722400044, 0.02834594514424417, 0.22021046797726518], [0.02675445425781416, 0.9984535871228531, 0.048730211767174396, 0.8141138294889533], [0.0, 0.0, 0.0, 1.0]]], ["flickr_cat_000063.png", [[0.0066226574144814965, -0.07451621641873978, -0.997197810817596, -9.836337400687105], [-0.9965644184554895, 0.08183649498519859, -0.012733733035123502, -0.13790062615030402], [0.0825560432508889, 0.9938561875740236, -0.07371823481055592, -0.350924803915298], [0.0, 0.0, 0.0, 1.0]]], ["flickr_cat_000064.png", [[-0.057934187170988076, 0.04051416155622258, -0.9974979862988363, -9.415106960655924], [-0.9981734041631418, 0.014795337003674315, 0.058574339298998086, 0.46763383136216635], [0.01713140911318639, 0.9990694173661528, 0.039583002734161446, 0.7006009498063047], [0.0, 0.0, 0.0, 1.0]]], ["flickr_cat_000065.png", [[-0.03995797403415274, 0.14021299685304636, -0.989314750635294, -9.043653632187398], [-0.9975107840151218, 0.05197337014514901, 0.04765505817111551, 0.3886720761242506], [0.058099880246202294, 0.9887563321209341, 0.13778722584526482, 1.5581054323925467], [0.0, 0.0, 0.0, 1.0]]], ["flickr_cat_000066.png", [[-0.06796354070907455, 0.24891116736726793, -0.9661388036375259, -8.224509927197467], [-0.9974967104657009, 0.0019996517505707074, 0.07068460937843413, 0.5425721705773372], [0.01952612978527344, 0.9685242548086963, 0.24815216723387348, 2.3297965625894994], [0.0, 0.0, 0.0, 1.0]]], ["flickr_cat_000067.png", [[-0.02246664492350325, -0.0632175078492104, -0.9977468599635964, -8.63742199263959], [-0.9979235581736701, 0.06167653664067656, 0.01856278185006611, 0.13307715282669763], [0.060364077959354986, 0.9960921400800963, -0.0644719052205735, -0.1356144197394522], [0.0, 0.0, 0.0, 1.0]]], ["flickr_cat_000068.png", [[0.0547131185697074, 0.15888317722885634, -0.985780204026253, -9.045188593302923], [-0.987141971337286, 0.15710639816669375, -0.029467067709986153, -0.2681627873897942], [0.15019055589721267, 0.9747172490772655, 0.16543603377297858, 1.7850083563963328], [0.0, 0.0, 0.0, 1.0]]], ["flickr_cat_000069.png", [[-0.09692037793221288, 0.023786181155353612, -0.9950078682741769, -9.617737060768233], [-0.9943965900013942, -0.04471385043980738, 0.0957919274910299, 0.8352052169844737], [-0.042212108867920976, 0.9987166210516831, 0.02798658071346962, 0.5657733274278057], [0.0, 0.0, 0.0, 1.0]]], ["flickr_cat_000070.png", [[-0.03420802965293454, 0.24882277567453706, -0.9679447489463864, -8.929226789013546], [-0.9992398839946347, -0.026631171653803836, 0.028468138870233264, 0.21936237851432788], [-0.018693981428609653, 0.9681828375890397, 0.24954464140987306, 2.447049956365303], [0.0, 0.0, 0.0, 1.0]]], ["flickr_cat_000071.png", [[-0.009053524562563283, 0.11877821819590476, -0.9928795337679196, -7.830509237137463], [-0.994234714034435, -0.10715989659395819, -0.0037536609913595793, -0.02246694121619539], [-0.10684272133309286, 0.9871213154644054, 0.11906360255746018, 0.9634113225604173], [0.0, 0.0, 0.0, 1.0]]], ["flickr_cat_000072.png", [[0.006411289396273141, -0.23121244262006815, -0.9728821623125479, -8.150220919012355], [-0.9988257078993125, 0.045240857359411864, -0.017334072366986045, -0.16467314432216817], [0.04802187634522203, 0.9718508482288046, -0.23065087944605184, -1.1624479991269583], [0.0, 0.0, 0.0, 1.0]]], ["flickr_cat_000073.png", [[-0.14735819102715042, 0.012829465813303225, -0.9889999839960318, -9.393949947512548], [-0.9875463463269629, -0.0576281031360161, 0.14639404217798754, 1.2477671912308699], [-0.055116035719847835, 0.9982556819452069, 0.021161665119703674, 0.5558695339609999], [0.0, 0.0, 0.0, 1.0]]], ["flickr_cat_000074.png", [[-0.032911970016917265, 0.049422866836802005, -0.9982355345624785, -9.161241602934707], [-0.9991096153917306, -0.028005480588622077, 0.03155423091741561, 0.25915529211912003], [-0.026396565333293143, 0.9983852329089368, 0.050300577014316034, 0.8142300820172066], [0.0, 0.0, 0.0, 1.0]]], ["flickr_cat_000075.png", [[0.006314475026918938, -0.03503777156190352, -0.9993660400319345, -9.241301232600676], [-0.999743464678983, -0.021959877413711915, -0.00554694651472715, -0.03950052463225678], [-0.021751603085678892, 0.9991446933992847, -0.03516744823345126, 0.06716149508383283], [0.0, 0.0, 0.0, 1.0]]], ["flickr_cat_000077.png", [[-0.21596518346640697, -0.05185835356021899, -0.9750229488049725, -9.55287730767921], [-0.9762211097593652, 0.030639383847977427, 0.21460096229423017, 1.872599746534354], [0.018745249812004983, 0.9981843213171803, -0.05724225961687663, -0.2643914495081768], [0.0, 0.0, 0.0, 1.0]]], ["flickr_cat_000078.png", [[0.04937725572269928, -0.011446075145409464, -0.998714610877933, -8.338109672897131], [-0.9969613490199954, 0.059753894162197334, -0.049975400875675445, -0.36997143872082117], [0.060249109350485046, 0.998147513895726, -0.00846081120547773, 0.3149721185612341], [0.0, 0.0, 0.0, 1.0]]], ["flickr_cat_000079.png", [[0.08583342511048409, -0.07868739110928064, -0.9931973205834869, -9.19100132950005], [-0.9945076906868386, 0.05315951114634135, -0.09015830266488574, -0.774114904107458], [0.059892205657615, 0.9954809696097144, -0.07369235269937334, -0.29347744143569104], [0.0, 0.0, 0.0, 1.0]]], ["flickr_cat_000081.png", [[-0.0009417738148652399, -0.023718058732404162, -0.9997182436827128, -9.252845637135394], [-0.999985499201927, -0.005278479909945856, 0.0010672561610807795, 0.015849102435053934], [-0.005302305909196589, 0.9997047520842374, -0.023712743667462316, 0.13516896594391226], [0.0, 0.0, 0.0, 1.0]]], ["flickr_cat_000082.png", [[0.0040685162901504335, -0.06611322628064253, -0.9978038326675045, -9.166725368125231], [-0.9970588372947605, 0.07609682875706579, -0.009107558703530859, -0.10369521707239557], [0.07653183747707377, 0.9949061834986666, -0.06560917533775597, -0.1981136743429412], [0.0, 0.0, 0.0, 1.0]]], ["flickr_cat_000083.png", [[-0.02751573969832874, 0.18531547083887054, -0.9822937749658303, -8.652908344693486], [-0.9973535830466568, 0.06106480585531634, 0.03945782393705766, 0.2811888080958727], [0.06729572388234734, 0.980779927279112, 0.18314480553248189, 1.84658712604998], [0.0, 0.0, 0.0, 1.0]]], ["flickr_cat_000084.png", [[-0.10354223692745998, 0.19670674053605522, -0.9749797246095628, -8.615395475207272], [-0.9924697846638028, 0.04406351186548636, 0.11428969092383857, 0.890531358659896], [0.06544258324244355, 0.979471727590828, 0.19066306183630502, 1.8672135839509285], [0.0, 0.0, 0.0, 1.0]]], ["flickr_cat_000085.png", [[-0.038346355039625614, -0.09981959857860884, -0.9942663651128808, -8.640883886877695], [-0.9425521490360409, 0.33404718442490733, 0.002815124390104071, 0.01515960301713681], [0.33185087524777573, 0.937255848910743, -0.10689466909012756, -0.42225101267942894], [0.0, 0.0, 0.0, 1.0]]], ["flickr_cat_000086.png", [[0.033569117015904607, -0.10238871850996975, -0.9941778838340042, -9.097286042400777], [-0.9957381871814873, 0.08206856299507746, -0.042073905885342426, -0.3688750871436306], [0.08589864359405305, 0.9913532676547796, -0.09919738776244397, -0.4834569351860494], [0.0, 0.0, 0.0, 1.0]]], ["flickr_cat_000087.png", [[0.10754218650433146, 0.19904904593609296, -0.9740709190987064, -9.818603240487715], [-0.9932493922077823, 0.06435647266989675, -0.09650849343120765, -0.9061019649112783], [0.04347784494130555, 0.9778740827618962, 0.20462637968219002, 2.25792164957486], [0.0, 0.0, 0.0, 1.0]]], ["flickr_cat_000088.png", [[-0.044807615244705425, -0.0031693570335764513, -0.9989906069588823, -8.021188243586346], [-0.9986222741395084, -0.02719512860209707, 0.04487737261417031, 0.322322418284659], [-0.027309910445076965, 0.9996251198105764, -0.0019464416694971141, 0.37212707820513874], [0.0, 0.0, 0.0, 1.0]]], ["flickr_cat_000089.png", [[-0.006306908214151915, 0.000734529195860655, -0.9999798414846365, -8.56262197949188], [-0.9996507280701546, -0.025669210310151572, 0.006285977319711479, 0.034697865921474044], [-0.025664075623115314, 0.9996702216775857, 0.0008961659987867765, 0.2601305017241799], [0.0, 0.0, 0.0, 1.0]]], ["flickr_cat_000090.png", [[0.06993327767991461, 0.06752814694042018, -0.995263425452647, -8.810227197775028], [-0.9739791715536371, 0.2202336526176886, -0.05349496830882398, -0.48138265355622606], [0.2155780834236977, 0.9731069250732235, 0.08117266979655739, 1.0473105188860272], [0.0, 0.0, 0.0, 1.0]]], ["flickr_cat_000091.png", [[-0.0011896094275013949, 0.0070789762662093044, -0.9999742361303277, -8.687672650452368], [-0.9969244371614886, -0.07836624374622554, 0.0006312141919225012, 0.01561722233703159], [-0.07835975637825146, 0.9968995034285703, 0.007150429652228631, 0.4040825316664831], [0.0, 0.0, 0.0, 1.0]]], ["flickr_cat_000092.png", [[0.08798793867428595, 0.1551293451127025, -0.983967991823288, -9.301888564549559], [-0.9960978840296554, 0.0068946973938671195, -0.08798561575331666, -0.7821053868363602], [-0.006864989402277209, 0.9878701075712085, 0.1551306626291385, 1.6015122302832978], [0.0, 0.0, 0.0, 1.0]]], ["flickr_cat_000093.png", [[0.09920064029569473, -0.09713143735766265, -0.9903154632952867, -8.986290572042106], [-0.9947736034869822, 0.014504204303673753, -0.10106980688139028, -0.8420592368532349], [0.024180793420572985, 0.9951658715683289, -0.09518496359824814, -0.5125705732262134], [0.0, 0.0, 0.0, 1.0]]], ["flickr_cat_000094.png", [[0.01730500486882722, -0.05643974678314327, -0.9982560251706697, -9.200142471877284], [-0.9990737354876074, -0.04031721901111502, -0.015039711102545825, -0.15235502075799356], [-0.03939806930965172, 0.9975916383141272, -0.05708515831989454, -0.16838073468011702], [0.0, 0.0, 0.0, 1.0]]], ["flickr_cat_000095.png", [[0.1835721643859921, 0.15855643991546503, -0.9701345864486927, -8.059950110575155], [-0.9822222380444064, -0.00982180398352828, -0.18746468269396024, -1.3704549093395433], [-0.03925220444357695, 0.9873010622539827, 0.15393465145469026, 1.553025387198667], [0.0, 0.0, 0.0, 1.0]]], ["flickr_cat_000097.png", [[-0.06806793940195344, 0.12157418634891098, -0.9902456628731944, -8.971466834992077], [-0.9976184161245834, -0.019383487439871207, 0.06619498639432886, 0.5262748110273338], [-0.011146812757421735, 0.992393066092397, 0.12260404127549125, 1.4024972515080383], [0.0, 0.0, 0.0, 1.0]]], ["flickr_cat_000098.png", [[-0.024498199500252713, 0.01219862077817302, -0.9996254457907502, -9.574143158053046], [-0.9996731580749363, -0.007609149274280794, 0.024406512897264778, 0.22025254936568925], [-0.0073085734400399815, 0.9998966419077684, 0.012381044214423298, 0.48432421427113637], [0.0, 0.0, 0.0, 1.0]]], ["flickr_cat_000099.png", [[-0.03811013543832768, -0.12835883656406033, -0.9909952707519815, -8.523065958536955], [-0.9953086341465157, -0.08338034642627168, 0.049075865995748945, 0.3805459692025563], [-0.08892885004468519, 0.9882164372776623, -0.12457902200601084, -0.6712672667359255], [0.0, 0.0, 0.0, 1.0]]], ["flickr_cat_000100.png", [[0.07518183111755619, -0.25021197366642745, -0.9652676626220119, -8.933413871716906], [-0.9907321476417661, -0.12856063830773595, -0.043840322843710346, -0.3741235185538015], [-0.11312605313960404, 0.9596177001868289, -0.25755847023384226, -1.854089472173965], [0.0, 0.0, 0.0, 1.0]]], ["flickr_cat_000101.png", [[0.04152721115961822, 0.11173822287867353, -0.9928696089020049, -7.857577867076376], [-0.9976607034186507, -0.04936974792047973, -0.04728370590881448, -0.3335630902668923], [-0.05430111957876605, 0.9925105528598597, 0.1094266460890965, 1.178210372272667], [0.0, 0.0, 0.0, 1.0]]], ["flickr_cat_000102.png", [[-0.164603067123424, -0.0355615549006487, -0.9857186242060205, -9.393260762382848], [-0.9713248183863129, -0.16797858015102854, 0.1682596023923749, 1.4645295807341294], [-0.1715631880105903, 0.9851490102636721, -0.00689203135151028, 0.3208674184863864], [0.0, 0.0, 0.0, 1.0]]], ["flickr_cat_000103.png", [[0.11357893629489227, 0.09768463693431854, -0.9887150939159021, -9.442580238311269], [-0.9816517770708624, 0.164449633229741, -0.09651998085485614, -0.8696594816217575], [0.15316531527646499, 0.9815365657160277, 0.11457031185541494, 1.3645394622046785], [0.0, 0.0, 0.0, 1.0]]], ["flickr_cat_000104.png", [[-0.13708546844488276, 0.06463084391899968, -0.9884484955502563, -8.05055801338124], [-0.989579967521341, 0.035424194201838885, 0.13955864124306983, 1.015136022535463], [0.04403478422461627, 0.9972802918334785, 0.05910124616979898, 0.6436403982606176], [0.0, 0.0, 0.0, 1.0]]], ["flickr_cat_000105.png", [[-0.0008466406238880638, -0.001800475368121048, -0.9999980207420925, -8.904734619132519], [-0.9941321039069725, 0.10817089018138051, 0.0006469148817710451, -0.030723860488398588], [0.10816951132898088, 0.9941306839675639, -0.0018814922356925493, 0.35144864477349114], [0.0, 0.0, 0.0, 1.0]]], ["flickr_cat_000106.png", [[0.021286840925561316, -0.045613804524579846, -0.9987323221164933, -9.20961596811348], [-0.9986098557131358, 0.04721124280773823, -0.023440448484180764, -0.1839962516694776], [0.04822060219450391, 0.9978429131829027, -0.04454541653927148, -0.035683470152736464], [0.0, 0.0, 0.0, 1.0]]], ["flickr_cat_000107.png", [[-0.0221935124428164, -0.13035020657257915, -0.9912195880085988, -7.713964381347942], [-0.9997531709133458, 0.003907539371889683, 0.021870719804526415, 0.166757890654301], [0.0010223767219208542, 0.9914603142751318, -0.13040475437381643, -0.5172934379854551], [0.0, 0.0, 0.0, 1.0]]], ["flickr_cat_000109.png", [[-0.009207892078721271, -0.007298655848667091, -0.9999309697905497, -8.56856590123486], [-0.9999494313247898, 0.004110724805988376, 0.009178057245383875, 0.018258805365907217], [0.004043453560600604, 0.9999649151667134, -0.007336137875688869, 0.17754184790029653], [0.0, 0.0, 0.0, 1.0]]], ["flickr_cat_000110.png", [[-0.04430103120744853, 0.05490850245098787, -0.99750813279519, -9.083103128834177], [-0.9981235326383588, -0.044681234092265674, 0.04186885374017048, 0.3687780148190484], [-0.042270938332148525, 0.9974911747371914, 0.056784893184170765, 0.8268969404655999], [0.0, 0.0, 0.0, 1.0]]], ["flickr_cat_000111.png", [[-0.060029942245913855, 0.09735168603306608, -0.9934379976930979, -9.332636770330604], [-0.9885800923439436, -0.14361152819139458, 0.04566322362441363, 0.3415149364826706], [-0.1382237572025633, 0.9848341881743604, 0.10486093051158388, 1.2767732181713125], [0.0, 0.0, 0.0, 1.0]]], ["flickr_cat_000112.png", [[0.021525162429007313, -0.10339140603893557, -0.9944078059527172, -8.08907375769647], [-0.999306290257125, -0.03245994177919901, -0.018256243650689105, -0.12585547502472894], [-0.03039088078597208, 0.9941109441792617, -0.1040183879324702, -0.4112077693879591], [0.0, 0.0, 0.0, 1.0]]], ["flickr_cat_000113.png", [[0.007839500017984152, 0.0938083929799889, -0.995559404378252, -9.084590353172752], [-0.9999651181280397, 0.0036046090748355817, -0.007534541830380746, -0.09124330491747058], [0.0028817992026112316, 0.9955837444433941, 0.09383337910054317, 1.1557183298643527], [0.0, 0.0, 0.0, 1.0]]], ["flickr_cat_000114.png", [[0.02784953626130672, -0.2668255428854585, -0.963342375790617, -8.272650397875104], [-0.9972023983776508, -0.07429196514212648, -0.008251095998846205, -0.021034627708449175], [-0.06936699503287765, 0.9608771167944429, -0.26814806809094727, -1.7250827366815842], [0.0, 0.0, 0.0, 1.0]]], ["flickr_cat_000115.png", [[0.02422565909585114, 0.03883950332627016, -0.9989517558034222, -8.495057559491322], [-0.9755967421277505, 0.2190472473404263, -0.015142661004639926, -0.12145187115212935], [0.21822949890216706, 0.9749409194479175, 0.04319825685092286, 0.7462819574149618], [0.0, 0.0, 0.0, 1.0]]], ["flickr_cat_000116.png", [[0.07843831612705329, 0.07113704296297882, -0.9943776705465764, -7.761668944399172], [-0.9968638753706771, -0.004889461037562954, -0.07898422090340046, -0.5597567839267902], [-0.010480674792562705, 0.9974545675313966, 0.07053042723993014, 0.8261251212224298], [0.0, 0.0, 0.0, 1.0]]], ["flickr_cat_000117.png", [[-0.22405336382646668, -0.056862015858459736, -0.972916646640686, -9.237745590744687], [-0.9742278837421168, -0.013646058654003741, 0.22515287167293294, 1.918670300566515], [-0.026079123785159496, 0.9982887839877415, -0.0523391160306951, -0.09781247880010577], [0.0, 0.0, 0.0, 1.0]]], ["flickr_cat_000118.png", [[-0.07165178331985214, 0.03893453064741673, -0.9966695160735831, -8.64460942486371], [-0.9969855593176199, -0.0326122946831934, 0.07040051667160854, 0.5188636508104064], [-0.02976266888600273, 0.9987094375036024, 0.04115389388648711, 0.754587897756197], [0.0, 0.0, 0.0, 1.0]]], ["flickr_cat_000119.png", [[-0.035203776508972426, -0.015496064705851296, -0.9992600092559185, -8.79409496238579], [-0.9934405090699502, -0.10830814204610807, 0.0366783492725452, 0.2337991825888987], [-0.10879636509711647, 0.9939965886989514, -0.011581562783268566, 0.30484836550148703], [0.0, 0.0, 0.0, 1.0]]], ["flickr_cat_000120.png", [[-0.03471617096535215, 0.3651588277519111, -0.9302977039573702, -9.523357413853626], [-0.9990222987472474, 0.012815162460259913, 0.04231097040818998, 0.3583478079215835], [0.027372140567920936, 0.9308570256091787, 0.36435691813764526, 3.7276816530132417], [0.0, 0.0, 0.0, 1.0]]], ["flickr_cat_000121.png", [[-0.05256294525570467, 0.04353922920597242, -0.9976680170809304, -9.350820440742766], [-0.9969580397887344, 0.05528522815580067, 0.054938242130281305, 0.4330307111845758], [0.057548272664348, 0.9975208664824565, 0.04050083018209618, 0.732326142655137], [0.0, 0.0, 0.0, 1.0]]], ["flickr_cat_000122.png", [[-0.010189291485118376, -0.027926396139264027, -0.9995580497088222, -9.520496856637582], [-0.9778554369691537, -0.20868433998405797, 0.01579843774820514, 0.12333202152925808], [-0.20903330531017564, 0.9775842483612812, -0.0251816327312566, 0.13890571142001282], [0.0, 0.0, 0.0, 1.0]]], ["flickr_cat_000124.png", [[-0.09287213575752783, -0.0795741586283107, -0.9924931836936874, -8.438961861997074], [-0.9956164748139653, -0.003663204728758856, 0.0934580976166739, 0.6941124296107124], [-0.011072555208617003, 0.9968222179554945, -0.07888513365292908, -0.4024063476181597], [0.0, 0.0, 0.0, 1.0]]], ["flickr_cat_000125.png", [[-0.005326380819352124, -0.09315101716713467, -0.9956377441961988, -9.458270554480453], [-0.9954108152383819, 0.09562527901794904, -0.0036214526365335466, -0.046341973754004444], [0.09554547908627858, 0.9910492893965807, -0.09323286659062847, -0.47911652427168216], [0.0, 0.0, 0.0, 1.0]]], ["flickr_cat_000126.png", [[0.031569563661692904, -0.10000382535354929, -0.9944860972205025, -8.278100484005993], [-0.9994961410902233, -0.006434135381553839, -0.03108159982442931, -0.2407447645558134], [-0.0032903793040386926, 0.9949662490841329, -0.10015656038166898, -0.4011000784715306], [0.0, 0.0, 0.0, 1.0]]], ["flickr_cat_000127.png", [[-0.019270164223171043, 0.0981563444293779, -0.9949844183800436, -9.745423400561162], [-0.9978422710106574, -0.06436164511304246, 0.012976163633256639, 0.07934024484177854], [-0.0627651412418254, 0.99308756446076, 0.0991848091105165, 1.2780454792865654], [0.0, 0.0, 0.0, 1.0]]], ["flickr_cat_000128.png", [[-0.10803044915352276, -0.017672256077957336, -0.9939904996632529, -8.984435676576803], [-0.9918200267755264, 0.07029396855847661, 0.10654479091580507, 0.8762556858988073], [0.06798865010191664, 0.9973697656082297, -0.025121586492579454, 0.13097392943498015], [0.0, 0.0, 0.0, 1.0]]], ["flickr_cat_000129.png", [[0.03712264232832226, 0.10026796538568661, -0.9942676925979131, -8.501360083696039], [-0.995808261395835, -0.07951694799418153, -0.045199131822355264, -0.37635009722435825], [-0.08359315738963013, 0.9917778935321685, 0.09689578906499055, 1.1871094997388334], [0.0, 0.0, 0.0, 1.0]]], ["flickr_cat_000130.png", [[0.10630646408702107, 0.05113630127296557, -0.9930176304504545, -8.770647665049685], [-0.9877750176276442, -0.10908211696888236, -0.11136249956019377, -0.947522094986091], [-0.11401513164497945, 0.9927165609828957, 0.03891502674122736, 0.6871787559252976], [0.0, 0.0, 0.0, 1.0]]], ["flickr_cat_000131.png", [[0.06658691247259346, 0.033503333818030154, -0.9972179850516361, -8.805069681991792], [-0.9773429658756771, 0.2034385801899707, -0.05842491885851928, -0.47966719814380343], [0.20091518145899995, 0.9785143180931829, 0.04629059457309472, 0.8109257235197167], [0.0, 0.0, 0.0, 1.0]]], ["flickr_cat_000132.png", [[-0.04736124650923758, 0.1600562475901708, -0.985971049238488, -9.003925428409124], [-0.9953351151603641, 0.0754981545712586, 0.0600669392015216, 0.4872221951549466], [0.08405308357101589, 0.9842164529531542, 0.15573391691765648, 1.7007972999264038], [0.0, 0.0, 0.0, 1.0]]], ["flickr_cat_000133.png", [[-0.10235127572838934, 0.07915202435573625, -0.9915942584531033, -8.803421325398357], [-0.9825597562490579, -0.1636125466404501, 0.08835870065601141, 0.7249292153494343], [-0.15524349183319514, 0.9833442386174922, 0.09451754663141237, 1.140972725377216], [0.0, 0.0, 0.0, 1.0]]], ["flickr_cat_000134.png", [[-0.0728073486361371, -0.02846435444947735, -0.9969397526984018, -9.178698672172382], [-0.9645606708019543, -0.25217911050790665, 0.07764282687747531, 0.6482221592846287], [-0.25361743301015516, 0.9672618449774681, -0.009095104404232356, 0.3192206230162093], [0.0, 0.0, 0.0, 1.0]]], ["flickr_cat_000135.png", [[-0.08844445475713905, 0.13157059725573353, -0.9873534100617073, -8.518248648941999], [-0.9936968150162524, 0.05688887757970819, 0.09659345440699707, 0.7423977719933085], [0.06887828576023096, 0.9896730942818899, 0.12570977768352556, 1.3038180870972085], [0.0, 0.0, 0.0, 1.0]]], ["flickr_cat_000137.png", [[-0.048090797387770876, 0.021259033661504164, -0.9986167075982593, -8.428324695004136], [-0.9954778772241747, -0.08301754418606136, 0.04617232195337799, 0.34724745498140397], [-0.08192112770134095, 0.9963213040204923, 0.025155277598273636, 0.5711271730027018], [0.0, 0.0, 0.0, 1.0]]], ["flickr_cat_000138.png", [[-0.014706823248311868, -0.08357246007406247, -0.9963931720295519, -9.436580755479744], [-0.9896508073740133, -0.14104028321295206, 0.026437056855369928, 0.20200979038761824], [-0.1427409850530208, 0.9864701122833777, -0.08063329807042367, -0.3626561806404043], [0.0, 0.0, 0.0, 1.0]]], ["flickr_cat_000139.png", [[-0.1267287173322529, -0.2363245348392222, -0.9633745618586508, -8.63274143215931], [-0.9751794810312616, -0.14808486546123406, 0.16460817840231287, 1.3305945487398132], [-0.1815621435732719, 0.9603236885833617, -0.21169223218324554, -1.369332495282595], [0.0, 0.0, 0.0, 1.0]]], ["flickr_cat_000141.png", [[-0.19142941954339154, -0.12719169569991481, -0.9732302142238806, -7.730595477578123], [-0.9811192367952187, 0.05264463072841267, 0.18610101032997417, 1.3270799467926027], [0.027564842166213382, 0.9904800933892863, -0.13486795051420636, -0.5662922169230711], [0.0, 0.0, 0.0, 1.0]]], ["flickr_cat_000142.png", [[-0.016527522013236123, -0.053064255241467274, -0.9984543183500036, -8.740587738297327], [-0.9893084328004437, 0.14558225588753554, 0.008638955991696163, 0.04219088050366033], [0.14489881230028193, 0.9879220574450014, -0.05490302912957652, -0.112526614639711], [0.0, 0.0, 0.0, 1.0]]], ["flickr_cat_000143.png", [[-0.032481170375562224, -0.12628395858625255, -0.9914622208510111, -8.360556903503152], [-0.9991825500331961, -0.019783582482382902, 0.03525395826460076, 0.292028768035691], [-0.024066684029860834, 0.9917968399162947, -0.12553813385524903, -0.603675535314831], [0.0, 0.0, 0.0, 1.0]]], ["flickr_cat_000144.png", [[0.036095418769707524, -0.08556190083400417, -0.9956788045697827, -8.924450824313391], [-0.9967201285134768, 0.06912882788037131, -0.04207363274029189, -0.35273851355768077], [0.07243000869748954, 0.9939317714418621, -0.08278603480372494, -0.4680048615569869