{"fov": 30.0, "labels": null, "poses": [["000000.png", [[0.9507825374603271, 0.1581266075372696, -0.2664743959903717, -2.664750814437866], [-0.30982208251953125, 0.49843811988830566, -0.8096725940704346, -8.096722602844238], [0.0047902255319058895, 0.852382242679596, 0.5228973627090454, 5.228974342346191], [0.0, 0.0, 0.0, 1.0]]], ["000001.png", [[0.824059784412384, -0.4116825461387634, 0.38915693759918213, 3.891580104827881], [0.5664841532707214, 0.593233585357666, -0.5719873905181885, -5.719875812530518], [0.004616270307451487, 0.6918030381202698, 0.7220715880393982, 7.2207159996032715], [0.0, 0.0, 0.0, 1.0]]], ["000002.png", [[-0.3692627549171448, 0.11671624332666397, -0.9219664931297302, -9.219676971435547], [-0.9293226003646851, -0.04862924665212631, 0.3660527169704437, 3.660517930984497], [-0.00211023329757154, 0.9919740557670593, 0.12642401456832886, 1.2642433643341064], [0.0, 0.0, 0.0, 1.0]]], ["000003.png", [[-0.8219895362854004, -0.3932243585586548, 0.41195595264434814, 4.119545936584473], [0.569484293460846, -0.5617468953132629, 0.6001067161560059, 6.001062393188477], [-0.004561602137982845, 0.7278839349746704, 0.6856852173805237, 6.85685396194458], [0.0, 0.0, 0.0, 1.0]]], ["000004.png", [[0.9189179539680481, -0.0405847430229187, 0.3923552930355072, 3.9235236644744873], [0.3944193124771118, 0.08240649849176407, -0.9152281880378723, -9.152290344238281], [0.0048116762191057205, 0.9957720637321472, 0.0917322114109993, 0.9173251986503601], [0.0, 0.0, 0.0, 1.0]]], ["000005.png", [[0.8101710081100464, 0.33146724104881287, -0.48347949981689453, -4.834787845611572], [-0.5861775279045105, 0.4642157554626465, -0.6640027165412903, -6.640026092529297], [0.004343647975474596, 0.8213605880737305, 0.5703927874565125, 5.703930377960205], [0.0, 0.0, 0.0, 1.0]]], ["000006.png", [[0.9403147101402283, -0.06868697702884674, 0.3333023190498352, 3.3330323696136475], [0.34026846289634705, 0.17516890168190002, -0.9238686561584473, -9.238687515258789], [0.005073549225926399, 0.9821394681930542, 0.1880859136581421, 1.8808624744415283], [0.0, 0.0, 0.0, 1.0]]], ["000007.png", [[-0.7120939493179321, 0.40695807337760925, -0.57210773229599, -5.721069812774658], [-0.70208340883255, -0.41151511669158936, 0.5811490416526794, 5.811495304107666], [0.0010723116574808955, 0.8155000805854797, 0.5787559151649475, 5.787561416625977], [0.0, 0.0, 0.0, 1.0]]], ["000008.png", [[0.26405850052833557, -0.5382583737373352, 0.8003443479537964, 8.003442764282227], [0.9644745588302612, 0.1405830979347229, -0.2236633449792862, -2.236630916595459], [0.007873794063925743, 0.8309719562530518, 0.5562586784362793, 5.562587261199951], [0.0, 0.0, 0.0, 1.0]]], ["000009.png", [[0.926960289478302, -0.17880764603614807, 0.3298066258430481, 3.298065423965454], [0.3751278221607208, 0.4303673505783081, -0.8210133910179138, -8.210137367248535], [0.004865466617047787, 0.8847664594650269, 0.4660091996192932, 4.660092830657959], [0.0, 0.0, 0.0, 1.0]]], ["000010.png", [[-0.5500422120094299, 0.5196519494056702, -0.6537701487541199, -6.537703514099121], [-0.8351287245750427, -0.34571582078933716, 0.42783260345458984, 4.278336524963379], [-0.0036945834290236235, 0.781308114528656, 0.6241344213485718, 6.241347312927246], [0.0, 0.0, 0.0, 1.0]]], ["000011.png", [[-0.7035791277885437, -0.5296103954315186, 0.47380298376083374, 4.738040924072266], [0.7106030583381653, -0.5201980471611023, 0.47374793887138367, 4.737494945526123], [-0.00443038297817111, 0.6700050234794617, 0.7423433661460876, 7.423433780670166], [0.0, 0.0, 0.0, 1.0]]], ["000012.png", [[0.7244904041290283, -0.4153822362422943, 0.5500648021697998, 5.5006489753723145], [0.6892719268798828, 0.4317076504230499, -0.5818355679512024, -5.818355560302734], [0.00421702116727829, 0.800678551197052, 0.5990793704986572, 5.9907965660095215], [0.0, 0.0, 0.0, 1.0]]], ["000013.png", [[-0.8985302448272705, -0.3222518563270569, 0.2979886829853058, 2.9798734188079834], [0.4388906955718994, -0.6530241370201111, 0.6171989440917969, 6.171988487243652], [-0.0042997440323233604, 0.6853562593460083, 0.7281952500343323, 7.281954288482666], [0.0, 0.0, 0.0, 1.0]]], ["000014.png", [[0.9992881417274475, -0.034077465534210205, 0.01618165336549282, 0.1618056297302246], [0.0372331403195858, 0.8219467997550964, -0.5683459639549255, -5.6834540367126465], [0.006067331414669752, 0.5685439109802246, 0.8226305246353149, 8.226305961608887], [0.0, 0.0, 0.0, 1.0]]], ["000015.png", [[0.33181411027908325, 0.860098123550415, -0.3874667286872864, -3.8746373653411865], [-0.9433443546295166, 0.30294081568717957, -0.13538214564323425, -1.353804111480713], [0.000937568605877459, 0.4104362428188324, 0.911888837814331, 9.11889362335205], [0.0, 0.0, 0.0, 1.0]]], ["000016.png", [[0.30680403113365173, -0.6007828712463379, 0.7381945252418518, 7.3819427490234375], [0.9517696499824524, 0.19169633090496063, -0.2395559549331665, -2.3955583572387695], [0.0024119277950376272, 0.7760878801345825, 0.6306201815605164, 6.306201457977295], [0.0, 0.0, 0.0, 1.0]]], ["000017.png", [[-0.777859091758728, -0.17704737186431885, 0.602983832359314, 6.029829025268555], [0.6284229159355164, -0.21233788132667542, 0.7483295798301697, 7.483317852020264], [-0.004453503992408514, 0.9610238671302795, 0.27642956376075745, 2.764296293258667], [0.0, 0.0, 0.0, 1.0]]], ["000018.png", [[0.16871236264705658, 0.31201502680778503, -0.9349774122238159, -9.34979248046875], [-0.9856650233268738, 0.0526491217315197, -0.16028891503810883, -1.60288405418396], [-0.0007868093671277165, 0.9486172795295715, 0.3164248466491699, 3.164250612258911], [0.0, 0.0, 0.0, 1.0]]], ["000019.png", [[0.8908328413963318, 0.27590230107307434, -0.3609636127948761, -3.609628200531006], [-0.45430153608322144, 0.550014317035675, -0.7007812261581421, -7.007801055908203], [0.005187994800508022, 0.7882652878761292, 0.6153136491775513, 6.153138160705566], [0.0, 0.0, 0.0, 1.0]]], ["000020.png", [[0.36362990736961365, -0.8611354827880859, 0.35527315735816956, 3.552736282348633], [0.9315416216850281, 0.33538365364074707, -0.1405273675918579, -1.405273675918579], [0.0018602635245770216, 0.3820517361164093, 0.9241390228271484, 9.241390228271484], [0.0, 0.0, 0.0, 1.0]]], ["000021.png", [[0.3964216113090515, 0.690162181854248, -0.6054139137268066, -6.054123401641846], [-0.9180640578269958, 0.3000747561454773, -0.2590627372264862, -2.5906364917755127], [0.002874146681278944, 0.6585068106651306, 0.7525691986083984, 7.525695323944092], [0.0, 0.0, 0.0, 1.0]]], ["000022.png", [[0.9145503640174866, 0.37500739097595215, -0.15154926478862762, -1.5154963731765747], [-0.404466837644577, 0.8498416543006897, -0.3378990888595581, -3.379004716873169], [0.002078194636851549, 0.3703223466873169, 0.9289010167121887, 9.289010047912598], [0.0, 0.0, 0.0, 1.0]]], ["000023.png", [[-0.2905876040458679, -0.8290684819221497, 0.4777072072029114, 4.777072906494141], [0.9568455219268799, -0.2505551278591156, 0.14720328152179718, 1.4720324277877808], [-0.00234962091781199, 0.4998674988746643, 0.8660986423492432, 8.660989761352539], [0.0, 0.0, 0.0, 1.0]]], ["000024.png", [[-0.6260538101196289, 0.28700608015060425, -0.725040853023529, -7.250412940979004], [-0.779776394367218, -0.23323945701122284, 0.5809889435768127, 5.809878826141357], [-0.0023607865441590548, 0.929099977016449, 0.3698210120201111, 3.6982107162475586], [0.0, 0.0, 0.0, 1.0]]], ["000025.png", [[-0.6584741473197937, -0.3142217695713043, 0.6838687062263489, 6.8386688232421875], [0.7526012063026428, -0.27277514338493347, 0.599320650100708, 5.9931960105896], [-0.0017772028222680092, 0.9093176126480103, 0.41609907150268555, 4.160991191864014], [0.0, 0.0, 0.0, 1.0]]], ["000026.png", [[-0.9687981009483337, 0.10861560702323914, -0.22278425097465515, -2.2278430461883545], [-0.24779221415519714, -0.4440452754497528, 0.8610591292381287, 8.61059284210205], [-0.005401832517236471, 0.889396607875824, 0.4571043848991394, 4.571045875549316], [0.0, 0.0, 0.0, 1.0]]], ["000027.png", [[0.6327732801437378, -0.3039420545101166, 0.7121917009353638, 7.121901035308838], [0.7743284106254578, 0.24402809143066406, -0.58383709192276, -5.838372230529785], [0.003657845314592123, 0.9209068417549133, 0.3897654712200165, 3.8976547718048096], [0.0, 0.0, 0.0, 1.0]]], ["000028.png", [[0.9848774075508118, -0.15457768738269806, 0.07824419438838959, 0.7824414372444153], [0.17316901683807373, 0.8642780780792236, -0.47226667404174805, -4.72266149520874], [0.005377149675041437, 0.4786742925643921, 0.8779760599136353, 8.779764175415039], [0.0, 0.0, 0.0, 1.0]]], ["000029.png", [[-0.8885838985443115, -0.4382273852825165, 0.13555587828159332, 1.3555513620376587], [0.458687961101532, -0.8457017540931702, 0.2727523148059845, 2.7275171279907227], [-0.004887680523097515, 0.3045412003993988, 0.9524866342544556, 9.524867057800293], [0.0, 0.0, 0.0, 1.0]]], ["000030.png", [[-0.5786430835723877, 0.7662013173103333, -0.27947747707366943, -2.794773578643799], [-0.8155086040496826, -0.5481210947036743, 0.18576571345329285, 1.8576627969741821], [-0.010853564366698265, 0.33540835976600647, 0.9420103430747986, 9.420101165771484], [0.0, 0.0, 0.0, 1.0]]], ["000031.png", [[0.05468573048710823, 0.3081139922142029, -0.9497764110565186, -9.497769355773926], [-0.9985035061836243, 0.017315829172730446, -0.05187394097447395, -0.5187212824821472], [0.000463080417830497, 0.9511918425559998, 0.3085997998714447, 3.086000680923462], [0.0, 0.0, 0.0, 1.0]]], ["000032.png", [[-0.996951162815094, -0.02439110167324543, 0.07411669194698334, 0.741141140460968], [0.07783529162406921, -0.24433743953704834, 0.9665613770484924, 9.665631294250488], [-0.005466011352837086, 0.9693834781646729, 0.24549101293087006, 2.4549100399017334], [0.0, 0.0, 0.0, 1.0]]], ["000033.png", [[0.11858557909727097, -0.8988158702850342, 0.4219805896282196, 4.219783306121826], [0.9929432272911072, 0.10685276985168457, -0.05144260451197624, -0.5144198536872864], [0.001147637376561761, 0.4251030683517456, 0.9051441550254822, 9.051445007324219], [0.0, 0.0, 0.0, 1.0]]], ["000034.png", [[-0.8212001919746399, 0.35623612999916077, -0.44578710198402405, -4.457862854003906], [-0.5706211924552917, -0.5190310478210449, 0.6363948583602905, 6.36395263671875], [-0.004670496564358473, 0.7769830822944641, 0.6295041441917419, 6.295044422149658], [0.0, 0.0, 0.0, 1.0]]], ["000035.png", [[-0.39443239569664, -0.313191294670105, 0.8639064431190491, 8.639078140258789], [0.9189221262931824, -0.13211874663829803, 0.3716540038585663, 3.716540813446045], [-0.002260535955429077, 0.9404551386833191, 0.3399103581905365, 3.399102210998535], [0.0, 0.0, 0.0, 1.0]]], ["000036.png", [[-0.7092503905296326, -0.37613630294799805, 0.5962258577346802, 5.962251663208008], [0.7049384117126465, -0.3723433017730713, 0.6036739349365234, 6.036748886108398], [-0.005062976386398077, 0.8484586477279663, 0.5292375683784485, 5.292377948760986], [0.0, 0.0, 0.0, 1.0]]], ["000037.png", [[-0.642722487449646, 0.5014887452125549, -0.5791518688201904, -5.79151725769043], [-0.7660934329032898, -0.4236404597759247, 0.4833526015281677, 4.833521842956543], [-0.002956347307190299, 0.7543459534645081, 0.6564704775810242, 6.5647053718566895], [0.0, 0.0, 0.0, 1.0]]], ["000038.png", [[0.9008360505104065, -0.09020385146141052, 0.4246852695941925, 4.246859550476074], [0.4341175854206085, 0.17359387874603271, -0.8839722871780396, -8.839722633361816], [0.0060149431228637695, 0.9806775450706482, 0.1955387145280838, 1.955390214920044], [0.0, 0.0, 0.0, 1.0]]], ["000039.png", [[-0.8643140196800232, 0.29131078720092773, -0.40999913215637207, -4.099996089935303], [-0.5029263496398926, -0.5089007616043091, 0.6986308693885803, 6.986290454864502], [-0.005130178295075893, 0.810035765171051, 0.5863579511642456, 5.863579750061035], [0.0, 0.0, 0.0, 1.0]]], ["000040.png", [[-0.9374172687530518, -0.13326971232891083, 0.3216956853866577, 3.2169506549835205], [0.34817183017730713, -0.3453995883464813, 0.8714789748191833, 8.714789390563965], [-0.00502820173278451, 0.9289447665214539, 0.3701842725276947, 3.701841354370117], [0.0, 0.0, 0.0, 1.0]]], ["000041.png", [[0.18864703178405762, -0.5550799369812012, 0.8101226091384888, 8.101227760314941], [0.9820446968078613, 0.10604804009199142, -0.15601922571659088, -1.5602055788040161], [0.000691213586833328, 0.8250091671943665, 0.5651189088821411, 5.651187896728516], [0.0, 0.0, 0.0, 1.0]]], ["000042.png", [[-0.3595360815525055, 0.4883876144886017, -0.7951171398162842, -7.951157569885254], [-0.9331262707710266, -0.19094324111938477, 0.3046572208404541, 3.046581506729126], [-0.003031424479559064, 0.8514800071716309, 0.5243782997131348, 5.243782997131348], [0.0, 0.0, 0.0, 1.0]]], ["000043.png", [[0.9632990956306458, 0.22086338698863983, -0.15255922079086304, -1.525591492652893], [-0.2683602273464203, 0.8053958415985107, -0.5285077095031738, -5.285067081451416], [0.006142542231827974, 0.5500518083572388, 0.8351079821586609, 8.351082801818848], [0.0, 0.0, 0.0, 1.0]]], ["000044.png", [[0.8542478084564209, -0.08454037457704544, 0.5129459500312805, 5.129465579986572], [0.5198282599449158, 0.127016082406044, -0.8447754383087158, -8.44774341583252], [0.006265244912356138, 0.9882913827896118, 0.15244969725608826, 1.5244972705841064], [0.0, 0.0, 0.0, 1.0]]], ["000045.png", [[-0.9988402128219604, -0.021525293588638306, 0.04306810349225998, 0.4306744635105133], [0.04777487367391586, -0.33199307322502136, 0.942071259021759, 9.420705795288086], [-0.00598004600033164, 0.9430361390113831, 0.33263635635375977, 3.326366662979126], [0.0, 0.0, 0.0, 1.0]]], ["000046.png", [[0.9246487021446228, -0.15578517317771912, 0.3474993109703064, 3.4749958515167236], [0.3807525336742401, 0.3608444631099701, -0.8513628840446472, -8.513615608215332], [0.007236516568809748, 0.9195228219032288, 0.39296993613243103, 3.9296987056732178], [0.0, 0.0, 0.0, 1.0]]], ["000047.png", [[-0.8035774230957031, -0.42970484495162964, 0.4118458926677704, 4.118479251861572], [0.5951898097991943, -0.5760336518287659, 0.5602983832359314, 5.602985858917236], [-0.0035258594434708357, 0.6953696012496948, 0.7186436057090759, 7.186434745788574], [0.0, 0.0, 0.0, 1.0]]], ["000048.png", [[0.7509323358535767, -0.3053121566772461, 0.5855640172958374, 5.855645179748535], [0.6603745222091675, 0.34384503960609436, -0.6675897240638733, -6.675913333892822], [0.0024799969978630543, 0.8880062103271484, 0.45982471108436584, 4.598246097564697], [0.0, 0.0, 0.0, 1.0]]], ["000049.png", [[0.7488084435462952, 0.598137378692627, -0.2855130732059479, -2.855142593383789], [-0.6627840399742126, 0.6746095418930054, -0.32499101758003235, -3.2499167919158936], [-0.0017793925944715738, 0.43258947134017944, 0.9015892148017883, 9.01589298248291], [0.0, 0.0, 0.0, 1.0]]], ["000050.png", [[-0.9576204419136047, 0.19919224083423615, -0.208051398396492, -2.0805113315582275], [-0.2879885137081146, -0.6748213768005371, 0.6794694066047668, 6.794698238372803], [-0.005052496213465929, 0.7105902433395386, 0.7035878300666809, 7.035881996154785], [0.0, 0.0, 0.0, 1.0]]], ["000051.png", [[-0.514599621295929, -0.5859280824661255, 0.6259997487068176, 6.2599992752075195], [0.8574283123016357, -0.34994086623191833, 0.3773037791252136, 3.77304744720459], [-0.0020100297406315804, 0.7309101819992065, 0.6824706792831421, 6.82470703125], [0.0, 0.0, 0.0, 1.0]]], ["000052.png", [[-0.17040053009986877, 0.48286744952201843, -0.8589544296264648, -8.589556694030762], [-0.9853721261024475, -0.08555607497692108, 0.14738351106643677, 1.4738527536392212], [-0.0023220721632242203, 0.871504008769989, 0.4903828799724579, 4.90382719039917], [0.0, 0.0, 0.0, 1.0]]], ["000053.png", [[0.9893268942832947, 0.09543421864509583, -0.11011151969432831, -1.1010961532592773], [-0.14562956988811493, 0.6731365919113159, -0.7250373959541321, -7.250377178192139], [0.004926709923893213, 0.733334481716156, 0.679850161075592, 6.798504829406738], [0.0, 0.0, 0.0, 1.0]]], ["000054.png", [[-0.7209069728851318, 0.2252400517463684, -0.6554083228111267, -6.554080486297607], [-0.693010151386261, -0.2417745590209961, 0.6791775226593018, 6.791781902313232], [-0.005483104381710291, 0.9438283443450928, 0.3303906321525574, 3.3039052486419678], [0.0, 0.0, 0.0, 1.0]]], ["000055.png", [[-0.0825107991695404, -0.8375338912010193, 0.5401194095611572, 5.401188850402832], [0.9965901970863342, -0.06928698718547821, 0.04480350762605667, 0.44801750779151917], [-0.00010120947263203561, 0.5419744849205017, 0.840394914150238, 8.403952598571777], [0.0, 0.0, 0.0, 1.0]]], ["000056.png", [[-0.9174588918685913, -0.29590827226638794, 0.26590874791145325, 2.659090518951416], [0.3978010416030884, -0.6742008924484253, 0.6222600340843201, 6.222583770751953], [-0.004855969920754433, 0.6766767501831055, 0.736264169216156, 7.362643241882324], [0.0, 0.0, 0.0, 1.0]]], ["000057.png", [[-0.38219669461250305, 0.33372220396995544, -0.8617164492607117, -8.61716365814209], [-0.9240769743919373, -0.14078354835510254, 0.3553332984447479, 3.553332805633545], [-0.002732881112024188, 0.9320995211601257, 0.3621920049190521, 3.62192440032959], [0.0, 0.0, 0.0, 1.0]]], ["000058.png", [[-0.3848167955875397, -0.22668084502220154, 0.8947244882583618, 8.947246551513672], [0.9229896068572998, -0.09188654273748398, 0.3736937344074249, 3.736931085586548], [-0.002496094210073352, 0.969624936580658, 0.24458354711532593, 2.4458353519439697], [0.0, 0.0, 0.0, 1.0]]], ["000059.png", [[-0.1904035061597824, -0.6066687703132629, 0.7718156576156616, 7.718149185180664], [0.9817056059837341, -0.11836042255163193, 0.14914768934249878, 1.4914997816085815], [0.0008692140690982342, 0.7860939502716064, 0.6181064248085022, 6.181067943572998], [0.0, 0.0, 0.0, 1.0]]], ["000060.png", [[0.8270236253738403, -0.09458761662244797, 0.5541526079177856, 5.5415239334106445], [0.5621461868286133, 0.13061901926994324, -0.8166580200195312, -8.166576385498047], [0.004862864036113024, 0.9869102239608765, 0.16119706630706787, 1.6119681596755981], [0.0, 0.0, 0.0, 1.0]]], ["000061.png", [[-0.8402470350265503, -0.44984397292137146, 0.3026967942714691, 3.026972770690918], [0.5421858429908752, -0.6925538182258606, 0.47581905126571655, 4.758190155029297], [-0.0044105323031544685, 0.5639234185218811, 0.8258153200149536, 8.25815486907959], [0.0, 0.0, 0.0, 1.0]]], ["000062.png", [[-0.24098923802375793, 0.7134731411933899, -0.6579362750053406, -6.579361915588379], [-0.9705274105072021, -0.1765039712190628, 0.1640823930501938, 1.6408336162567139], [0.0009400109411217272, 0.6780872344970703, 0.7349807620048523, 7.34980583190918], [0.0, 0.0, 0.0, 1.0]]], ["000063.png", [[0.16253603994846344, -0.9850279092788696, 0.05746355280280113, 0.5745983123779297], [0.9867011904716492, 0.16216300427913666, -0.011127668432891369, -0.11127259582281113], [0.0016426010988652706, 0.058508001267910004, 0.9982855319976807, 9.982856750488281], [0.0, 0.0, 0.0, 1.0]]], ["000064.png", [[-0.23162391781806946, 0.9237725734710693, -0.3049499988555908, -3.0494866371154785], [-0.9728019833564758, -0.22078123688697815, 0.07008522003889084, 0.7008614540100098], [-0.002584424801170826, 0.3128893971443176, 0.9497860074043274, 9.497861862182617], [0.0, 0.0, 0.0, 1.0]]], ["000065.png", [[0.46278929710388184, -0.5955147743225098, 0.6566494107246399, 6.566493511199951], [0.8864610195159912, 0.3078709840774536, -0.34554654359817505, -3.455458402633667], [0.003614728571847081, 0.7420092225074768, 0.6703799366950989, 6.703799724578857], [0.0, 0.0, 0.0, 1.0]]], ["000066.png", [[0.43221843242645264, -0.12603120505809784, 0.8929184079170227, 8.929169654846191], [0.9017621278762817, 0.056577861309051514, -0.42851367592811584, -4.285116672515869], [0.003486681031063199, 0.9904115796089172, 0.13810418546199799, 1.381043553352356], [0.0, 0.0, 0.0, 1.0]]], ["000067.png", [[-0.9690914750099182, 0.12189037352800369, -0.21448646485805511, -2.144881248474121], [-0.24669258296489716, -0.48623189330101013, 0.8382847309112549, 8.382861137390137], [-0.002111324341967702, 0.8652868270874023, 0.5012726187705994, 5.012728691101074], [0.0, 0.0, 0.0, 1.0]]], ["000068.png", [[0.668450653553009, -0.2235129177570343, 0.7093769311904907, 7.093766212463379], [0.7437416911125183, 0.19484907388687134, -0.6394389271736145, -6.3944010734558105], [0.0047014085575938225, 0.9550266265869141, 0.2964828610420227, 2.9648306369781494], [0.0, 0.0, 0.0, 1.0]]], ["000069.png", [[-0.6185574531555176, 0.16763602197170258, -0.7676489353179932, -7.676505088806152], [-0.7857349514961243, -0.13532350957393646, 0.6035794615745544, 6.035767078399658], [-0.0026992943603545427, 0.9765172004699707, 0.2154228389263153, 2.154231548309326], [0.0, 0.0, 0.0, 1.0]]], ["000070.png", [[0.9041666388511658, -0.37885600328445435, 0.19735977053642273, 1.9736171960830688], [0.42714813351631165, 0.7961863875389099, -0.42852267622947693, -4.285225868225098], [0.005213247612118721, 0.4717577397823334, 0.881712794303894, 8.817129135131836], [0.0, 0.0, 0.0, 1.0]]], ["000071.png", [[0.4416593611240387, -0.4874092936515808, 0.7532391548156738, 7.5323944091796875], [0.8971754908561707, 0.23653945326805115, -0.372994989156723, -3.729954481124878], [0.003630452323704958, 0.840524435043335, 0.541761577129364, 5.4176177978515625], [0.0, 0.0, 0.0, 1.0]]], ["000072.png", [[0.8100086450576782, 0.46724697947502136, -0.3543533682823181, -3.5435268878936768], [-0.5863595008850098, 0.6538655757904053, -0.4781656861305237, -4.781654357910156], [0.008278027176856995, 0.5950967669487, 0.8036113977432251, 8.036117553710938], [0.0, 0.0, 0.0, 1.0]]], ["000073.png", [[-0.8326823711395264, 0.5489303469657898, -0.07290782034397125, -0.7290870547294617], [-0.5537295341491699, -0.8265613913536072, 0.10089612007141113, 1.0089342594146729], [-0.004877836909145117, 0.12438561022281647, 0.9922219514846802, 9.922221183776855], [0.0, 0.0, 0.0, 1.0]]], ["000074.png", [[-0.8898684978485107, -0.20799630880355835, 0.40604373812675476, 4.060433864593506], [0.4561810791492462, -0.39450332522392273, 0.7976627945899963, 7.976632118225098], [-0.005725291557610035, 0.8950444459915161, 0.4459401071071625, 4.459403038024902], [0.0, 0.0, 0.0, 1.0]]], ["000075.png", [[-0.4125620424747467, 0.6036185026168823, -0.6822296380996704, -6.822303295135498], [-0.9109280109405518, -0.2747231721878052, 0.30779436230659485, 3.077948570251465], [-0.001633877633139491, 0.7484463453292847, 0.6631933450698853, 6.6319355964660645], [0.0, 0.0, 0.0, 1.0]]], ["000076.png", [[0.4842011332511902, 0.650661826133728, -0.5849687457084656, -5.849674701690674], [-0.8749532103538513, 0.36197295784950256, -0.321609228849411, -3.2160844802856445], [0.0024840610567480326, 0.6675438284873962, 0.7445663213729858, 7.4456658363342285], [0.0, 0.0, 0.0, 1.0]]], ["000077.png", [[0.9337387681007385, 0.2806498110294342, -0.22218842804431915, -2.221893548965454], [-0.35788199305534363, 0.744499683380127, -0.5635961890220642, -5.6359477043151855], [0.007246052846312523, 0.6057687401771545, 0.7956077456474304, 7.956078052520752], [0.0, 0.0, 0.0, 1.0]]], ["000078.png", [[0.3063446879386902, 0.4606047570705414, -0.8330643177032471, -8.330657958984375], [-0.9519206881523132, 0.1484220325946808, -0.26798874139785767, -2.679901123046875], [0.00020820216741412878, 0.8751080632209778, 0.48392748832702637, 4.839277267456055], [0.0, 0.0, 0.0, 1.0]]], ["000079.png", [[0.5609652996063232, 0.5523043870925903, -0.6166666150093079, -6.166660308837891], [-0.8278339505195618, 0.3769143223762512, -0.41548335552215576, -4.154834270477295], [0.0029572048224508762, 0.7435693144798279, 0.6686522364616394, 6.686525344848633], [0.0, 0.0, 0.0, 1.0]]], ["000080.png", [[0.9866989254951477, -0.03749777004122734, 0.15817391872406006, 1.5817573070526123], [0.16247308254241943, 0.196066215634346, -0.9670370221138, -9.670368194580078], [0.005249169655144215, 0.9798734188079834, 0.19955071806907654, 1.995510220527649], [0.0, 0.0, 0.0, 1.0]]], ["000081.png", [[0.3450302183628082, -0.9010191559791565, 0.26290419697761536, 2.6290407180786133], [0.9385913014411926, 0.3314085006713867, -0.09599301964044571, -0.9599421620368958], [-0.0006371412891894579, 0.2798801064491272, 0.9600346684455872, 9.600346565246582], [0.0, 0.0, 0.0, 1.0]]], ["000082.png", [[0.6078610420227051, -0.4018520712852478, 0.6848503351211548, 6.84851598739624], [0.7940372824668884, 0.304227739572525, -0.5262606739997864, -5.262602806091309], [0.0031284878496080637, 0.8636900186538696, 0.5040135979652405, 5.04013729095459], [0.0, 0.0, 0.0, 1.0]]], ["000083.png", [[0.2378786951303482, 0.5863698720932007, -0.7743281126022339, -7.743261814117432], [-0.9712929725646973, 0.14521697163581848, -0.1884201020002365, -1.8842023611068726], [0.0019617180805653334, 0.7969205975532532, 0.6040809154510498, 6.0408101081848145], [0.0, 0.0, 0.0, 1.0]]], ["000084.png", [[0.877672553062439, -0.35487058758735657, 0.3221144676208496, 3.221144914627075], [0.4791605770587921, 0.6359982490539551, -0.6049060225486755, -6.049061298370361], [0.009799097664654255, 0.6852540373802185, 0.7282381653785706, 7.28238582611084], [0.0, 0.0, 0.0, 1.0]]], ["000085.png", [[0.8700322508811951, 0.4859999120235443, -0.08275333046913147, -0.827530562877655], [-0.4929642677307129, 0.8595068454742432, -0.13503393530845642, -1.3503351211547852], [0.0055005718022584915, 0.15827830135822296, 0.9873791933059692, 9.873793601989746], [0.0, 0.0, 0.0, 1.0]]], ["000086.png", [[0.7894595265388489, 0.5220859050750732, -0.32276928424835205, -3.227686643600464], [-0.6137821078300476, 0.6757644414901733, -0.40818363428115845, -4.0818352699279785], [0.00500908400863409, 0.5203545093536377, 0.8539356589317322, 8.539358139038086], [0.0, 0.0, 0.0, 1.0]]], ["000087.png", [[0.8243408799171448, -0.1412062644958496, 0.5481997728347778, 5.481985092163086], [0.5660710334777832, 0.19691623747348785, -0.8004920482635498, -8.004929542541504], [0.005085076671093702, 0.9701983332633972, 0.24225886166095734, 2.422588348388672], [0.0, 0.0, 0.0, 1.0]]], ["000088.png", [[0.951617956161499, 0.041702769696712494, -0.30444076657295227, -3.0444247722625732], [-0.30723968148231506, 0.14590856432914734, -0.9403799772262573, -9.403787612915039], [0.005204065702855587, 0.988418698310852, 0.1516619473695755, 1.516617774963379], [0.0, 0.0, 0.0, 1.0]]], ["000089.png", [[-0.5511488318443298, -0.07687567919492722, 0.830858051776886, 8.308589935302734], [0.834402322769165, -0.04745718836784363, 0.5491089820861816, 5.4911017417907715], [-0.002782934345304966, 0.9959105849266052, 0.09030122309923172, 0.9030153751373291], [0.0, 0.0, 0.0, 1.0]]], ["000090.png", [[0.9747048616409302, 0.14715445041656494, -0.1682138741016388, -1.6821563243865967], [-0.22341208159923553, 0.6621098518371582, -0.7153304219245911, -7.153299808502197], [0.006111993454396725, 0.7348170876502991, 0.678237795829773, 6.782379150390625], [0.0, 0.0, 0.0, 1.0]]], ["000091.png", [[-0.5299894213676453, -0.6950783729553223, 0.4857749342918396, 4.857719421386719], [0.8480032086372375, -0.43350404500961304, 0.3049014210700989, 3.0490164756774902], [-0.0013449810212478042, 0.5735332369804382, 0.8191812038421631, 8.191816329956055], [0.0, 0.0, 0.0, 1.0]]], ["000092.png", [[0.20134897530078888, -0.3128584325313568, 0.9282124042510986, 9.28212833404541], [0.9795177578926086, 0.062467996031045914, -0.19142305850982666, -1.9142258167266846], [0.001904755481518805, 0.9477432370185852, 0.31902822852134705, 3.1902852058410645], [0.0, 0.0, 0.0, 1.0]]], ["000093.png", [[0.8909732103347778, 0.3626440167427063, -0.27323243021965027, -2.7323246002197266], [-0.45404863357543945, 0.7149448990821838, -0.5316894054412842, -5.316890716552734], [0.0025321245193481445, 0.5977819561958313, 0.8016548156738281, 8.016547203063965], [0.0, 0.0, 0.0, 1.0]]], ["000094.png", [[-0.5577259063720703, -0.21828947961330414, 0.8008067011833191, 8.00806713104248], [0.8300151824951172, -0.14193642139434814, 0.53937828540802, 5.393805503845215], [-0.004076962359249592, 0.9655070304870605, 0.2603452205657959, 2.603455066680908], [0.0, 0.0, 0.0, 1.0]]], ["000095.png", [[-0.29867303371429443, -0.824285626411438, 0.4809861481189728, 4.809846878051758], [0.9543538689613342, -0.25701960921287537, 0.15215031802654266, 1.5215198993682861], [-0.0017924605635926127, 0.5044741630554199, 0.8634248971939087, 8.63425064086914], [0.0, 0.0, 0.0, 1.0]]], ["000096.png", [[-0.9675719738006592, -0.07847987115383148, 0.24009443819522858, 2.400934934616089], [0.25257882475852966, -0.28971534967422485, 0.9231841564178467, 9.231851577758789], [-0.0028923240024596453, 0.9538899064064026, 0.3001428246498108, 3.001430034637451], [0.0, 0.0, 0.0, 1.0]]], ["000097.png", [[-0.9981175661087036, -0.012188859283924103, 0.06010633334517479, 0.6010713577270508], [0.061007484793663025, -0.096986323595047, 0.9934142231941223, 9.934139251708984], [-0.006279094144701958, 0.9952110648155212, 0.09754735976457596, 0.975473165512085], [0.0, 0.0, 0.0, 1.0]]], ["000098.png", [[-0.07623003423213959, 0.8071858286857605, -0.5853548049926758, -5.853562355041504], [-0.9970886707305908, -0.06278632581233978, 0.04326927661895752, 0.43270471692085266], [-0.0018259359057992697, 0.5869489312171936, 0.8096219301223755, 8.096220016479492], [0.0, 0.0, 0.0, 1.0]]], ["000099.png", [[-0.23410442471504211, -0.40083009004592896, 0.8857371211051941, 8.857376098632812], [0.972210705280304, -0.09762157499790192, 0.21278224885463715, 2.1278347969055176], [0.0011775045422837138, 0.9109364748001099, 0.41254496574401855, 4.125452518463135], [0.0, 0.0, 0.0, 1.0]]], ["000100.png", [[0.9752844572067261, -0.2086995244026184, 0.07255864143371582, 0.7255688905715942], [0.22089286148548126, 0.9132820963859558, -0.3422311246395111, -3.4223177433013916], [0.0051569752395153046, 0.3498004078865051, 0.9368101358413696, 9.3681001663208], [0.0, 0.0, 0.0, 1.0]]], ["000101.png", [[-0.4670211970806122, 0.4630527198314667, -0.7533082962036133, -7.533090114593506], [-0.8842399716377258, -0.2477426528930664, 0.3959081470966339, 3.959083080291748], [-0.003300236538052559, 0.8510028123855591, 0.5251507759094238, 5.2515082359313965], [0.0, 0.0, 0.0, 1.0]]], ["000102.png", [[0.2233131378889084, -0.16085651516914368, 0.9613825678825378, 9.613824844360352], [0.9747427701950073, 0.03403729945421219, -0.22072148323059082, -2.207205057144165], [0.002781623974442482, 0.9863907098770142, 0.16439470648765564, 1.6439499855041504], [0.0, 0.0, 0.0, 1.0]]], ["000103.png", [[-0.4858047068119049, 0.7798535227775574, -0.3947433531284332, -3.947435140609741], [-0.8740644454956055, -0.4346202313899994, 0.2170637845993042, 2.1706249713897705], [-0.002285516355186701, 0.450481653213501, 0.8927827477455139, 8.927831649780273], [0.0, 0.0, 0.0, 1.0]]], ["000104.png", [[-0.15363188087940216, -0.7806606888771057, 0.6057773232460022, 6.057765007019043], [0.9881268739700317, -0.12038905918598175, 0.09545555710792542, 0.9545500874519348], [-0.0015894460957497358, 0.6132498979568481, 0.7898873686790466, 7.898875713348389], [0.0, 0.0, 0.0, 1.0]]], ["000105.png", [[0.06865145266056061, -0.4133104979991913, 0.9079986214637756, 9.080001831054688], [0.9976266622543335, 0.023617982864379883, -0.06467737257480621, -0.6467803716659546], [0.0052867429330945015, 0.9102838635444641, 0.41395097970962524, 4.139508247375488], [0.0, 0.0, 0.0, 1.0]]], ["000106.png", [[-0.9236412048339844, -0.19286318123340607, 0.33119577169418335, 3.3119423389434814], [0.38322752714157104, -0.4538153111934662, 0.8044801354408264, 8.044818878173828], [-0.00485288817435503, 0.8699743747711182, 0.4930729866027832, 4.930730819702148], [0.0, 0.0, 0.0, 1.0]]], ["000107.png", [[0.6697142124176025, -0.6923058032989502, 0.268692284822464, 2.6869261264801025], [0.7426150441169739, 0.6231641173362732, -0.24533525109291077, -2.453338861465454], [0.0024076257832348347, 0.36383941769599915, 0.9314586520195007, 9.31458568572998], [0.0, 0.0, 0.0, 1.0]]], ["000108.png", [[0.5834371447563171, -0.10794153064489365, 0.8049532771110535, 8.049532890319824], [0.8120772242546082, 0.06352946907281876, -0.5800814628601074, -5.800814151763916], [0.01147664524614811, 0.9921252727508545, 0.12472230941057205, 1.247223138809204], [0.0, 0.0, 0.0, 1.0]]], ["000109.png", [[-0.9782097339630127, 0.19737423956394196, -0.06441359966993332, -0.6441367864608765], [-0.2075687199831009, -0.9365531206130981, 0.28245973587036133, 2.82460618019104], [-0.004576477687805891, 0.28967511653900146, 0.9571141004562378, 9.571144104003906], [0.0, 0.0, 0.0, 1.0]]], ["000110.png", [[0.2337425798177719, 0.44924402236938477, -0.8622900247573853, -8.622908592224121], [-0.9722974896430969, 0.10928505659103394, -0.20662611722946167, -2.066279649734497], [0.00140986661426723, 0.8866998553276062, 0.4623434245586395, 4.6234354972839355], [0.0, 0.0, 0.0, 1.0]]], ["000111.png", [[0.18865956366062164, 0.8479528427124023, -0.4953620433807373, -4.953630447387695], [-0.9820424914360046, 0.16303858160972595, -0.09492587298154831, -0.9492534399032593], [0.0002704570069909096, 0.5043752193450928, 0.8634845614433289, 8.634845733642578], [0.0, 0.0, 0.0, 1.0]]], ["000112.png", [[0.8447741866111755, 0.3307693898677826, -0.4206521213054657, -4.206525802612305], [-0.535106897354126, 0.5282557606697083, -0.6592468619346619, -6.592483043670654], [0.004153233487159014, 0.7820085287094116, 0.6232538223266602, 6.232536792755127], [0.0, 0.0, 0.0, 1.0]]], ["000113.png", [[-0.34840986132621765, 0.7933928370475769, -0.4991375803947449, -4.991379737854004], [-0.9373397827148438, -0.29613107442855835, 0.18357686698436737, 1.8357653617858887], [-0.002161545678973198, 0.5318215489387512, 0.8468536734580994, 8.468536376953125], [0.0, 0.0, 0.0, 1.0]]], ["000114.png", [[0.9291022419929504, -0.11499928683042526, 0.3514884114265442, 3.5148730278015137], [0.3697868883609772, 0.2756332457065582, -0.8872901797294617, -8.872895240783691], [0.00515584135428071, 0.954359233379364, 0.2986167073249817, 2.9861698150634766], [0.0, 0.0, 0.0, 1.0]]], ["000115.png", [[0.9118282794952393, 0.04940967261791229, -0.4075878858566284, -4.075851917266846], [-0.41052913665771484, 0.12403512001037598, -0.9033719897270203, -9.03371524810791], [0.005919887684285641, 0.9910469651222229, 0.1333828568458557, 1.3338301181793213], [0.0, 0.0, 0.0, 1.0]]], ["000116.png", [[0.9555142521858215, -0.23898546397686005, 0.1728539615869522, 1.728513240814209], [0.2949082851409912, 0.7648871541023254, -0.5726926326751709, -5.726916313171387], [0.004651450552046299, 0.5981919765472412, 0.8013392686843872, 8.013397216796875], [0.0, 0.0, 0.0, 1.0]]], ["000117.png", [[-0.5986132025718689, 0.49535319209098816, -0.629513680934906, -6.295133590698242], [-0.8010353446006775, -0.37230750918388367, 0.46875321865081787, 4.687525272369385], [-0.0021742461249232292, 0.784864604473114, 0.6196635365486145, 6.196639537811279], [0.0, 0.0, 0.0, 1.0]]], ["000118.png", [[-0.9399967789649963, -0.21342125535011292, 0.26619020104408264, 2.661898374557495], [0.3411698341369629, -0.5811387896537781, 0.7388374209403992, 7.388378143310547], [-0.0029901834204792976, 0.7853209376335144, 0.6190816164016724, 6.190814971923828], [0.0, 0.0, 0.0, 1.0]]], ["000119.png", [[-0.9606577157974243, -0.1882445216178894, 0.20420776307582855, 2.042083740234375], [0.2776833474636078, -0.6367964148521423, 0.719292938709259, 7.192934989929199], [-0.005364196375012398, 0.7476993799209595, 0.6640156507492065, 6.6401567459106445], [0.0, 0.0, 0.0, 1.0]]], ["000120.png", [[-0.6935675144195557, -0.6162728071212769, 0.37305763363838196, 3.730570077896118], [0.7203840017318726, -0.5909430384635925, 0.36308833956718445, 3.6308882236480713], [-0.0033056694082915783, 0.5205709934234619, 0.8538119196891785, 8.538121223449707], [0.0, 0.0, 0.0, 1.0]]], ["000121.png", [[-0.8594570755958557, 0.4079759418964386, -0.3080410063266754, -3.0803918838500977], [-0.5111470818519592, -0.6951253414154053, 0.5054991841316223, 5.054999828338623], [-0.00789560191333294, 0.5919091105461121, 0.8059660792350769, 8.059660911560059], [0.0, 0.0, 0.0, 1.0]]], ["000122.png", [[0.9836675524711609, 0.1574016511440277, -0.08730802685022354, -0.8730764389038086], [-0.17984047532081604, 0.8795167207717896, -0.4405764043331146, -4.40575647354126], [0.007441432680934668, 0.4490823447704315, 0.8934594392776489, 8.934596061706543], [0.0, 0.0, 0.0, 1.0]]], ["000123.png", [[-0.9976992011070251, 0.027894318103790283, -0.06179297715425491, -0.6179413199424744], [-0.06762433052062988, -0.47449639439582825, 0.8776560425758362, 8.776551246643066], [-0.004838928580284119, 0.8798153400421143, 0.47529101371765137, 4.752910614013672], [0.0, 0.0, 0.0, 1.0]]], ["000124.png", [[-0.025217920541763306, -0.9391924738883972, 0.3424640893936157, 3.4246485233306885], [0.9996811151504517, -0.02323901653289795, 0.009881253354251385, 0.09881875663995743], [-0.0013218710664659739, 0.3426041007041931, 0.9394789338111877, 9.394789695739746], [0.0, 0.0, 0.0, 1.0]]], ["000125.png", [[0.9384280443191528, -0.32522955536842346, 0.11652742326259613, 1.1652770042419434], [0.3454471230506897, 0.8790857195854187, -0.32844266295433044, -3.284417152404785], [0.004381667822599411, 0.34847384691238403, 0.9373083114624023, 9.373085021972656], [0.0, 0.0, 0.0, 1.0]]], ["000126.png", [[0.9854103922843933, -0.15772095322608948, 0.06395674496889114, 0.6395646929740906], [0.1700911521911621, 0.8994965553283691, -0.40246111154556274, -4.024611473083496], [0.005947689525783062, 0.4074678421020508, 0.9132001996040344, 9.132001876831055], [0.0, 0.0, 0.0, 1.0]]], ["000127.png", [[0.3561980426311493, -0.41290712356567383, 0.8382306694984436, 8.382322311401367], [0.9344079494476318, 0.15528763830661774, -0.3205737769603729, -3.2057225704193115], [0.0022003217600286007, 0.8974370956420898, 0.44113680720329285, 4.411373615264893], [0.0, 0.0, 0.0, 1.0]]], ["000128.png", [[0.557414710521698, -0.5066947937011719, 0.6576847434043884, 6.576844215393066], [0.8301569819450378, 0.3293534815311432, -0.449850857257843, -4.498525619506836], [0.01132630929350853, 0.7967349886894226, 0.6042227149009705, 6.042229175567627], [0.0, 0.0, 0.0, 1.0]]], ["000129.png", [[-0.38071301579475403, -0.5166441798210144, 0.7669004797935486, 7.668994426727295], [0.9246924519538879, -0.21163398027420044, 0.3164725601673126, 3.1647415161132812], [-0.001201506471261382, 0.8296323418617249, 0.5583087205886841, 5.58308744430542], [0.0, 0.0, 0.0, 1.0]]], ["000130.png", [[-0.9603084921836853, 0.0848633348941803, -0.2657175362110138, -2.6571826934814453], [-0.2788946032524109, -0.30931738018989563, 0.909142792224884, 9.091413497924805], [-0.005038153380155563, 0.9471646547317505, 0.3207080662250519, 3.2070834636688232], [0.0, 0.0, 0.0, 1.0]]], ["000131.png", [[-0.8476581573486328, 0.5049929022789001, -0.1626587212085724, -1.6265801191329956], [-0.530531108379364, -0.8088620901107788, 0.25353288650512695, 2.535316228866577], [-0.0035361628979444504, 0.30120474100112915, 0.9535529017448425, 9.53553295135498], [0.0, 0.0, 0.0, 1.0]]], ["000132.png", [[0.9999861717224121, -0.004091611132025719, 0.0032880741637200117, 0.03288176283240318], [0.004217398352921009, 0.253338098526001, -0.9673686027526855, -9.673690795898438], [0.003125101327896118, 0.9673691987991333, 0.2533518970012665, 2.5335164070129395], [0.0, 0.0, 0.0, 1.0]]], ["000133.png", [[-0.6467716693878174, 0.5218896865844727, -0.5561633706092834, -5.5616455078125], [-0.7626798748970032, -0.44487640261650085, 0.46947231888771057, 4.694724082946777], [-0.002411192050203681, 0.7278160452842712, 0.6857683062553406, 6.857682228088379], [0.0, 0.0, 0.0, 1.0]]], ["000134.png", [[0.7688435912132263, 0.5482059717178345, -0.3291652500629425, -3.291654586791992], [-0.6394263505935669, 0.6620835661888123, -0.3908698260784149, -3.9086921215057373], [0.00365771958604455, 0.5109946727752686, 0.8595760464668274, 8.595762252807617], [0.0, 0.0, 0.0, 1.0]]], ["000135.png", [[-0.7976874709129333, -0.10266894102096558, 0.5942674875259399, 5.94267463684082], [0.6030480265617371, -0.12717482447624207, 0.7875021696090698, 7.875033378601074], [-0.005276157520711422, 0.9865524172782898, 0.16336005926132202, 1.633602261543274], [0.0, 0.0, 0.0, 1.0]]], ["000136.png", [[-0.27549535036087036, -0.48901891708374023, 0.8276246786117554, 8.276247024536133], [0.9613019824028015, -0.1394084244966507, 0.2376207709312439, 2.3762035369873047], [-0.0008231876417994499, 0.8610607981681824, 0.5085012912750244, 5.08501052